graph,beta,r,round,active,new,new_local,new_global,new_both
beta=2.1,2.1,30,0,1,1,1,0,0
beta=2.1,2.1,30,1,5,4,4,0,0
beta=2.1,2.1,30,2,13,8,8,0,0
beta=2.1,2.1,30,3,25,12,12,0,0
beta=2.1,2.1,30,4,41,16,16,0,0
beta=2.1,2.1,30,5,69,28,20,8,0
beta=2.1,2.1,30,6,139,70,56,14,0
beta=2.1,2.1,30,7,463,324,148,176,0
beta=2.1,2.1,30,8,345261,344798,746,343854,198
beta=2.1,2.1,30,9,999892,654631,48138,120584,485909
beta=2.1,2.1,30,10,1000000,108,68,0,40
beta=2.5,2.5,30,0,1,1,1,0,0
beta=2.5,2.5,30,1,5,4,4,0,0
beta=2.5,2.5,30,2,13,8,8,0,0
beta=2.5,2.5,30,3,25,12,12,0,0
beta=2.5,2.5,30,4,41,16,16,0,0
beta=2.5,2.5,30,5,61,20,20,0,0
beta=2.5,2.5,30,6,87,26,24,2,0
beta=2.5,2.5,30,7,124,37,36,1,0
beta=2.5,2.5,30,8,181,57,52,5,0
beta=2.5,2.5,30,9,278,97,88,9,0
beta=2.5,2.5,30,10,492,214,160,54,0
beta=2.5,2.5,30,11,28990,28498,438,28050,10
beta=2.5,2.5,30,12,890044,861054,42349,755895,62810
beta=2.5,2.5,30,13,1000000,109956,8693,27,101236
beta=2.7,2.7,30,0,1,1,1,0,0
beta=2.7,2.7,30,1,5,4,4,0,0
beta=2.7,2.7,30,2,13,8,8,0,0
beta=2.7,2.7,30,3,25,12,12,0,0
beta=2.7,2.7,30,4,41,16,16,0,0
beta=2.7,2.7,30,5,61,20,20,0,0
beta=2.7,2.7,30,6,85,24,24,0,0
beta=2.7,2.7,30,7,114,29,28,1,0
beta=2.7,2.7,30,8,151,37,36,1,0
beta=2.7,2.7,30,9,202,51,48,3,0
beta=2.7,2.7,30,10,274,72,72,0,0
beta=2.7,2.7,30,11,374,100,96,4,0
beta=2.7,2.7,30,12,524,150,136,14,0
beta=2.7,2.7,30,13,1099,575,232,343,0
beta=2.7,2.7,30,14,37300,36201,1664,34502,35
beta=2.7,2.7,30,15,847828,810528,60818,681265,68445
beta=2.7,2.7,30,16,1000000,152172,13292,122,138758
beta=3.0,3.0,30,0,1,1,1,0,0
beta=3.0,3.0,30,1,5,4,4,0,0
beta=3.0,3.0,30,2,13,8,8,0,0
beta=3.0,3.0,30,3,25,12,12,0,0
beta=3.0,3.0,30,4,41,16,16,0,0
beta=3.0,3.0,30,5,61,20,20,0,0
beta=3.0,3.0,30,6,85,24,24,0,0
beta=3.0,3.0,30,7,113,28,28,0,0
beta=3.0,3.0,30,8,145,32,32,0,0
beta=3.0,3.0,30,9,181,36,36,0,0
beta=3.0,3.0,30,10,221,40,40,0,0
beta=3.0,3.0,30,11,265,44,44,0,0
beta=3.0,3.0,30,12,313,48,48,0,0
beta=3.0,3.0,30,13,365,52,52,0,0
beta=3.0,3.0,30,14,423,58,56,2,0
beta=3.0,3.0,30,15,491,68,68,0,0
beta=3.0,3.0,30,16,573,82,80,2,0
beta=3.0,3.0,30,17,675,102,100,2,0
beta=3.0,3.0,30,18,807,132,128,4,0
beta=3.0,3.0,30,19,997,190,172,18,0
beta=3.0,3.0,30,20,1693,696,288,408,0
beta=3.0,3.0,30,21,13878,12185,2026,10151,8
beta=3.0,3.0,30,22,299877,285999,37530,242921,5548
beta=3.0,3.0,30,23,999926,700049,80975,194533,424541
beta=3.0,3.0,30,24,1000000,74,14,0,60
beta=3.5,3.5,30,0,1,1,1,0,0
beta=3.5,3.5,30,1,5,4,4,0,0
beta=3.5,3.5,30,2,13,8,8,0,0
beta=3.5,3.5,30,3,25,12,12,0,0
beta=3.5,3.5,30,4,41,16,16,0,0
beta=3.5,3.5,30,5,61,20,20,0,0
beta=3.5,3.5,30,6,85,24,24,0,0
beta=3.5,3.5,30,7,113,28,28,0,0
beta=3.5,3.5,30,8,145,32,32,0,0
beta=3.5,3.5,30,9,181,36,36,0,0
beta=3.5,3.5,30,10,221,40,40,0,0
beta=3.5,3.5,30,11,265,44,44,0,0
beta=3.5,3.5,30,12,314,49,48,1,0
beta=3.5,3.5,30,13,370,56,56,0,0
beta=3.5,3.5,30,14,434,64,64,0,0
beta=3.5,3.5,30,15,506,72,72,0,0
beta=3.5,3.5,30,16,587,81,80,1,0
beta=3.5,3.5,30,17,679,92,92,0,0
beta=3.5,3.5,30,18,783,104,104,0,0
beta=3.5,3.5,30,19,900,117,116,1,0
beta=3.5,3.5,30,20,1035,135,132,3,0
beta=3.5,3.5,30,21,1200,165,160,5,0
beta=3.5,3.5,30,22,1412,212,208,4,0
beta=3.5,3.5,30,23,1701,289,272,17,0
beta=3.5,3.5,30,24,2155,454,404,50,0
beta=3.5,3.5,30,25,3046,891,736,155,0
beta=3.5,3.5,30,26,5382,2336,1684,651,1
beta=3.5,3.5,30,27,14890,9508,5200,4296,12
beta=3.5,3.5,30,28,100363,85473,24775,60005,693
beta=3.5,3.5,30,29,729189,628826,154532,392412,81882
beta=3.5,3.5,30,30,1000000,270811,85093,4133,181585
beta=4.0,4.0,30,0,1,1,1,0,0
beta=4.0,4.0,30,1,5,4,4,0,0
beta=4.0,4.0,30,2,13,8,8,0,0
beta=4.0,4.0,30,3,25,12,12,0,0
beta=4.0,4.0,30,4,41,16,16,0,0
beta=4.0,4.0,30,5,61,20,20,0,0
beta=4.0,4.0,30,6,85,24,24,0,0
beta=4.0,4.0,30,7,113,28,28,0,0
beta=4.0,4.0,30,8,145,32,32,0,0
beta=4.0,4.0,30,9,181,36,36,0,0
beta=4.0,4.0,30,10,221,40,40,0,0
beta=4.0,4.0,30,11,265,44,44,0,0
beta=4.0,4.0,30,12,313,48,48,0,0
beta=4.0,4.0,30,13,365,52,52,0,0
beta=4.0,4.0,30,14,421,56,56,0,0
beta=4.0,4.0,30,15,481,60,60,0,0
beta=4.0,4.0,30,16,545,64,64,0,0
beta=4.0,4.0,30,17,613,68,68,0,0
beta=4.0,4.0,30,18,685,72,72,0,0
beta=4.0,4.0,30,19,761,76,76,0,0
beta=4.0,4.0,30,20,841,80,80,0,0
beta=4.0,4.0,30,21,925,84,84,0,0
beta=4.0,4.0,30,22,1013,88,88,0,0
beta=4.0,4.0,30,23,1105,92,92,0,0
beta=4.0,4.0,30,24,1201,96,96,0,0
beta=4.0,4.0,30,25,1301,100,100,0,0
beta=4.0,4.0,30,26,1406,105,104,1,0
beta=4.0,4.0,30,27,1518,112,112,0,0
beta=4.0,4.0,30,28,1638,120,120,0,0
beta=4.0,4.0,30,29,1766,128,128,0,0
beta=4.0,4.0,30,30,1902,136,136,0,0
beta=4.0,4.0,30,31,2046,144,144,0,0
beta=4.0,4.0,30,32,2198,152,152,0,0
beta=4.0,4.0,30,33,2358,160,160,0,0
beta=4.0,4.0,30,34,2527,169,168,1,0
beta=4.0,4.0,30,35,2710,183,180,3,0
beta=4.0,4.0,30,36,2915,205,204,1,0
beta=4.0,4.0,30,37,3148,233,232,1,0
beta=4.0,4.0,30,38,3414,266,264,2,0
beta=4.0,4.0,30,39,3721,307,304,3,0
beta=4.0,4.0,30,40,4082,361,356,5,0
beta=4.0,4.0,30,41,4522,440,428,12,0
beta=4.0,4.0,30,42,5093,571,548,23,0
beta=4.0,4.0,30,43,5902,809,760,49,0
beta=4.0,4.0,30,44,7138,1236,1168,68,0
beta=4.0,4.0,30,45,9118,1980,1843,137,0
beta=4.0,4.0,30,46,12591,3473,3059,412,2
beta=4.0,4.0,30,47,20281,7690,5903,1783,4
beta=4.0,4.0,30,48,51399,31118,15632,15385,101
beta=4.0,4.0,30,49,323093,271694,73559,189581,8554
beta=4.0,4.0,30,50,995368,672275,168982,209106,294187
beta=4.0,4.0,30,51,1000000,4632,834,0,3798
beta=6.0,6.0,30,0,1,1,1,0,0
beta=6.0,6.0,30,1,5,4,4,0,0
beta=6.0,6.0,30,2,13,8,8,0,0
beta=6.0,6.0,30,3,25,12,12,0,0
beta=6.0,6.0,30,4,41,16,16,0,0
beta=6.0,6.0,30,5,61,20,20,0,0
beta=6.0,6.0,30,6,85,24,24,0,0
beta=6.0,6.0,30,7,113,28,28,0,0
beta=6.0,6.0,30,8,145,32,32,0,0
beta=6.0,6.0,30,9,181,36,36,0,0
beta=6.0,6.0,30,10,221,40,40,0,0
beta=6.0,6.0,30,11,265,44,44,0,0
beta=6.0,6.0,30,12,313,48,48,0,0
beta=6.0,6.0,30,13,365,52,52,0,0
beta=6.0,6.0,30,14,421,56,56,0,0
beta=6.0,6.0,30,15,481,60,60,0,0
beta=6.0,6.0,30,16,545,64,64,0,0
beta=6.0,6.0,30,17,613,68,68,0,0
beta=6.0,6.0,30,18,685,72,72,0,0
beta=6.0,6.0,30,19,761,76,76,0,0
beta=6.0,6.0,30,20,841,80,80,0,0
beta=6.0,6.0,30,21,925,84,84,0,0
beta=6.0,6.0,30,22,1013,88,88,0,0
beta=6.0,6.0,30,23,1105,92,92,0,0
beta=6.0,6.0,30,24,1201,96,96,0,0
beta=6.0,6.0,30,25,1301,100,100,0,0
beta=6.0,6.0,30,26,1405,104,104,0,0
beta=6.0,6.0,30,27,1513,108,108,0,0
beta=6.0,6.0,30,28,1625,112,112,0,0
beta=6.0,6.0,30,29,1741,116,116,0,0
beta=6.0,6.0,30,30,1861,120,120,0,0
beta=6.0,6.0,30,31,1985,124,124,0,0
beta=6.0,6.0,30,32,2113,128,128,0,0
beta=6.0,6.0,30,33,2245,132,132,0,0
beta=6.0,6.0,30,34,2381,136,136,0,0
beta=6.0,6.0,30,35,2521,140,140,0,0
beta=6.0,6.0,30,36,2665,144,144,0,0
beta=6.0,6.0,30,37,2813,148,148,0,0
beta=6.0,6.0,30,38,2965,152,152,0,0
beta=6.0,6.0,30,39,3121,156,156,0,0
beta=6.0,6.0,30,40,3281,160,160,0,0
beta=6.0,6.0,30,41,3445,164,164,0,0
beta=6.0,6.0,30,42,3613,168,168,0,0
beta=6.0,6.0,30,43,3785,172,172,0,0
beta=6.0,6.0,30,44,3961,176,176,0,0
beta=6.0,6.0,30,45,4141,180,180,0,0
beta=6.0,6.0,30,46,4325,184,184,0,0
beta=6.0,6.0,30,47,4513,188,188,0,0
beta=6.0,6.0,30,48,4705,192,192,0,0
beta=6.0,6.0,30,49,4901,196,196,0,0
beta=6.0,6.0,30,50,5101,200,200,0,0
beta=6.0,6.0,30,51,5305,204,204,0,0
beta=6.0,6.0,30,52,5513,208,208,0,0
beta=6.0,6.0,30,53,5725,212,212,0,0
beta=6.0,6.0,30,54,5941,216,216,0,0
beta=6.0,6.0,30,55,6161,220,220,0,0
beta=6.0,6.0,30,56,6385,224,224,0,0
beta=6.0,6.0,30,57,6613,228,228,0,0
beta=6.0,6.0,30,58,6845,232,232,0,0
beta=6.0,6.0,30,59,7081,236,236,0,0
beta=6.0,6.0,30,60,7321,240,240,0,0
beta=6.0,6.0,30,61,7565,244,244,0,0
beta=6.0,6.0,30,62,7813,248,248,0,0
beta=6.0,6.0,30,63,8065,252,252,0,0
beta=6.0,6.0,30,64,8321,256,256,0,0
beta=6.0,6.0,30,65,8581,260,260,0,0
beta=6.0,6.0,30,66,8845,264,264,0,0
beta=6.0,6.0,30,67,9113,268,268,0,0
beta=6.0,6.0,30,68,9385,272,272,0,0
beta=6.0,6.0,30,69,9661,276,276,0,0
beta=6.0,6.0,30,70,9941,280,280,0,0
beta=6.0,6.0,30,71,10226,285,284,1,0
beta=6.0,6.0,30,72,10519,293,292,1,0
beta=6.0,6.0,30,73,10825,306,304,2,0
beta=6.0,6.0,30,74,11151,326,324,2,0
beta=6.0,6.0,30,75,11506,355,352,3,0
beta=6.0,6.0,30,76,11902,396,392,4,0
beta=6.0,6.0,30,77,12350,448,448,0,0
beta=6.0,6.0,30,78,12857,507,504,3,0
beta=6.0,6.0,30,79,13431,574,572,2,0
beta=6.0,6.0,30,80,14085,654,648,6,0
beta=6.0,6.0,30,81,14834,749,748,1,0
beta=6.0,6.0,30,82,15693,859,852,7,0
beta=6.0,6.0,30,83,16695,1002,984,18,0
beta=6.0,6.0,30,84,17901,1206,1188,18,0
beta=6.0,6.0,30,85,19389,1488,1464,24,0
beta=6.0,6.0,30,86,21278,1889,1836,53,0
beta=6.0,6.0,30,87,23790,2512,2420,92,0
beta=6.0,6.0,30,88,27372,3582,3370,212,0
beta=6.0,6.0,30,89,33520,6148,5165,983,0
beta=6.0,6.0,30,90,47927,14407,10775,3612,20
beta=6.0,6.0,30,91,103228,55301,29837,25143,321
beta=6.0,6.0,30,92,476685,373457,116317,237977,19163
beta=6.0,6.0,30,93,1000000,523315,94097,87092,342126
beta=10.0,10.0,30,0,1,1,1,0,0
beta=10.0,10.0,30,1,5,4,4,0,0
beta=10.0,10.0,30,2,13,8,8,0,0
beta=10.0,10.0,30,3,25,12,12,0,0
beta=10.0,10.0,30,4,41,16,16,0,0
beta=10.0,10.0,30,5,61,20,20,0,0
beta=10.0,10.0,30,6,85,24,24,0,0
beta=10.0,10.0,30,7,113,28,28,0,0
beta=10.0,10.0,30,8,145,32,32,0,0
beta=10.0,10.0,30,9,181,36,36,0,0
beta=10.0,10.0,30,10,221,40,40,0,0
beta=10.0,10.0,30,11,265,44,44,0,0
beta=10.0,10.0,30,12,313,48,48,0,0
beta=10.0,10.0,30,13,365,52,52,0,0
beta=10.0,10.0,30,14,421,56,56,0,0
beta=10.0,10.0,30,15,481,60,60,0,0
beta=10.0,10.0,30,16,545,64,64,0,0
beta=10.0,10.0,30,17,613,68,68,0,0
beta=10.0,10.0,30,18,685,72,72,0,0
beta=10.0,10.0,30,19,761,76,76,0,0
beta=10.0,10.0,30,20,841,80,80,0,0
beta=10.0,10.0,30,21,925,84,84,0,0
beta=10.0,10.0,30,22,1013,88,88,0,0
beta=10.0,10.0,30,23,1105,92,92,0,0
beta=10.0,10.0,30,24,1201,96,96,0,0
beta=10.0,10.0,30,25,1301,100,100,0,0
beta=10.0,10.0,30,26,1405,104,104,0,0
beta=10.0,10.0,30,27,1513,108,108,0,0
beta=10.0,10.0,30,28,1625,112,112,0,0
beta=10.0,10.0,30,29,1741,116,116,0,0
beta=10.0,10.0,30,30,1861,120,120,0,0
beta=10.0,10.0,30,31,1985,124,124,0,0
beta=10.0,10.0,30,32,2113,128,128,0,0
beta=10.0,10.0,30,33,2245,132,132,0,0
beta=10.0,10.0,30,34,2381,136,136,0,0
beta=10.0,10.0,30,35,2521,140,140,0,0
beta=10.0,10.0,30,36,2665,144,144,0,0
beta=10.0,10.0,30,37,2813,148,148,0,0
beta=10.0,10.0,30,38,2965,152,152,0,0
beta=10.0,10.0,30,39,3121,156,156,0,0
beta=10.0,10.0,30,40,3281,160,160,0,0
beta=10.0,10.0,30,41,3445,164,164,0,0
beta=10.0,10.0,30,42,3613,168,168,0,0
beta=10.0,10.0,30,43,3785,172,172,0,0
beta=10.0,10.0,30,44,3961,176,176,0,0
beta=10.0,10.0,30,45,4141,180,180,0,0
beta=10.0,10.0,30,46,4325,184,184,0,0
beta=10.0,10.0,30,47,4513,188,188,0,0
beta=10.0,10.0,30,48,4705,192,192,0,0
beta=10.0,10.0,30,49,4901,196,196,0,0
beta=10.0,10.0,30,50,5101,200,200,0,0
beta=10.0,10.0,30,51,5305,204,204,0,0
beta=10.0,10.0,30,52,5513,208,208,0,0
beta=10.0,10.0,30,53,5725,212,212,0,0
beta=10.0,10.0,30,54,5941,216,216,0,0
beta=10.0,10.0,30,55,6161,220,220,0,0
beta=10.0,10.0,30,56,6385,224,224,0,0
beta=10.0,10.0,30,57,6613,228,228,0,0
beta=10.0,10.0,30,58,6845,232,232,0,0
beta=10.0,10.0,30,59,7081,236,236,0,0
beta=10.0,10.0,30,60,7321,240,240,0,0
beta=10.0,10.0,30,61,7565,244,244,0,0
beta=10.0,10.0,30,62,7813,248,248,0,0
beta=10.0,10.0,30,63,8065,252,252,0,0
beta=10.0,10.0,30,64,8321,256,256,0,0
beta=10.0,10.0,30,65,8581,260,260,0,0
beta=10.0,10.0,30,66,8845,264,264,0,0
beta=10.0,10.0,30,67,9113,268,268,0,0
beta=10.0,10.0,30,68,9385,272,272,0,0
beta=10.0,10.0,30,69,9661,276,276,0,0
beta=10.0,10.0,30,70,9941,280,280,0,0
beta=10.0,10.0,30,71,10225,284,284,0,0
beta=10.0,10.0,30,72,10513,288,288,0,0
beta=10.0,10.0,30,73,10805,292,292,0,0
beta=10.0,10.0,30,74,11101,296,296,0,0
beta=10.0,10.0,30,75,11401,300,300,0,0
beta=10.0,10.0,30,76,11705,304,304,0,0
beta=10.0,10.0,30,77,12013,308,308,0,0
beta=10.0,10.0,30,78,12325,312,312,0,0
beta=10.0,10.0,30,79,12641,316,316,0,0
beta=10.0,10.0,30,80,12961,320,320,0,0
beta=10.0,10.0,30,81,13285,324,324,0,0
beta=10.0,10.0,30,82,13613,328,328,0,0
beta=10.0,10.0,30,83,13945,332,332,0,0
beta=10.0,10.0,30,84,14281,336,336,0,0
beta=10.0,10.0,30,85,14621,340,340,0,0
beta=10.0,10.0,30,86,14965,344,344,0,0
beta=10.0,10.0,30,87,15313,348,348,0,0
beta=10.0,10.0,30,88,15665,352,352,0,0
beta=10.0,10.0,30,89,16021,356,356,0,0
beta=10.0,10.0,30,90,16381,360,360,0,0
beta=10.0,10.0,30,91,16745,364,364,0,0
beta=10.0,10.0,30,92,17113,368,368,0,0
beta=10.0,10.0,30,93,17485,372,372,0,0
beta=10.0,10.0,30,94,17861,376,376,0,0
beta=10.0,10.0,30,95,18241,380,380,0,0
beta=10.0,10.0,30,96,18625,384,384,0,0
beta=10.0,10.0,30,97,19014,389,388,1,0
beta=10.0,10.0,30,98,19410,396,396,0,0
beta=10.0,10.0,30,99,19814,404,404,0,0
beta=10.0,10.0,30,100,20226,412,412,0,0
beta=10.0,10.0,30,101,20646,420,420,0,0
beta=10.0,10.0,30,102,21074,428,428,0,0
beta=10.0,10.0,30,103,21510,436,436,0,0
beta=10.0,10.0,30,104,21954,444,444,0,0
beta=10.0,10.0,30,105,22406,452,452,0,0
beta=10.0,10.0,30,106,22867,461,460,1,0
beta=10.0,10.0,30,107,23340,473,472,1,0
beta=10.0,10.0,30,108,23828,488,488,0,0
beta=10.0,10.0,30,109,24332,504,504,0,0
beta=10.0,10.0,30,110,24852,520,520,0,0
beta=10.0,10.0,30,111,25389,537,536,1,0
beta=10.0,10.0,30,112,25947,558,556,2,0
beta=10.0,10.0,30,113,26532,585,584,1,0
beta=10.0,10.0,30,114,27150,618,616,2,0
beta=10.0,10.0,30,115,27810,660,656,4,0
beta=10.0,10.0,30,116,28522,712,712,0,0
beta=10.0,10.0,30,117,29290,768,768,0,0
beta=10.0,10.0,30,118,30115,825,824,1,0
beta=10.0,10.0,30,119,31004,889,884,5,0
beta=10.0,10.0,30,120,31926,922,917,5,0
beta=10.0,10.0,30,121,32947,1021,1013,8,0
beta=10.0,10.0,30,122,34105,1158,1141,17,0
beta=10.0,10.0,30,123,35488,1383,1336,46,1
beta=10.0,10.0,30,124,37502,2014,1717,297,0
beta=10.0,10.0,30,125,41881,4379,3283,1094,2
beta=10.0,10.0,30,126,52623,10742,9161,1567,14
beta=10.0,10.0,30,127,78950,26327,20979,5306,42
beta=10.0,10.0,30,128,195742,116792,50839,64597,1356
beta=10.0,10.0,30,129,918681,722939,130828,456133,135978
beta=10.0,10.0,30,130,1000000,81319,13756,19,67544
